0.0454756666763832
0.19052196638939234
0.04116111015736004
-0.022074451598119188
-0.0891532903034527
-0.09910138045649504
-0.04662818477579159
0.16930219328172147
0.04640246032194668
0.07957579095126864
0.18997844453913348
0.10858311542306759
-0.05538145986350104
0.19858897013096616
0.014091208678248007
0.053464974869279536
-0.012868984444432574
-0.1428068144094497
0.05348814287691639
0.14650479798067048
0.1369585141087914
0.1289987637719977
-0.16208702371819128
0.009348007376647038
0.02963909707936599
-0.06602821378756851
-0.17941867688208216
-0.010493439389583525
-0.00993756659386874
-0.15233568113339555
-0.18124508815842613
0.15659268810353563
-0.09818950824366564
0.1692273697295818
0.1431654787080059
0.1540244635283759
0.13138451982192761
0.06126864116010722
-0.005999086291409439
-0.06844693908567709
-0.1215758070926293
0.1589306722161492
0.12913006903820035
0.09835053617720718
0.09529059052532479
0.14540355061304427
0.03875785559336817
0.1333889241725211
0.10415011990163292
0.09589214857137146
-0.0982815934433504
-0.07729480071588482
0.03696229274274368
0.03949560572236627
0.0386042169472912
0.1575167846179168
0.033539750488477266
-0.045887279224562046
-0.050338604796332204
0.05315687263634495
0.15511472556767153
-0.09113119192368316
-0.06293218180417531
-0.13697463460710302
-0.19438854700613808
-0.08807637777796554
-0.06784290085239858
-0.033682477657235144
0.10009011795702955
0.19482257812947562
0.07536990943194166
-0.0712815003639331
-0.12040693996538265
0.09952810091470354
-0.03947474706144566
-0.1302224630939483
-0.056110052639729124
0.00997142501758308
0.0993737623374581
0.07410984050398767
0.17269692626471644
0.13242360472733167
-0.04425358685336436
0.04004932536067479
