-0.22135646301560616
0.7960789675623721
-0.09090059575834346
-0.2520895793303436
1.367084538226377
-0.01026655671209923
-0.688489452363615
0.03676694261544348
-0.38146770713778555
-0.20498629095541854
-0.06288741150984402
-0.30966392211325644
-0.3025486660405167
-0.16262436297487975
-0.22200709129263482
-0.2278568394530977
-0.16706339057912734
-0.11391913605231217
-0.11137198709791406
-0.13452029300003332
0.4029371161216254
-0.17608580102538804
0.1567431687412123
-0.14112318293114792
0.13188093075208657
-0.1059223566520748
-0.21251127840347267
-0.22038206176912714
-0.13272329752514464
-0.17664345757568756
-0.15180065171131432
-0.012995893194473963
-0.09007733142712901
-0.018821296734384794
-0.13219689121301664
0.10063479521026945
-0.1905090790595095
0.04611455195982951
-0.051374714411617936
0.058740155086111315
-0.21031509013374888
-0.11875421172570581
-0.24939459260996616
0.23527581238124282
-0.14302633900739734
0.32876021956203094
0.19451621017505868
0.6963629514481952
-0.33841208731295025
-0.32716257528686743
-0.31257306493255466
-0.4499944823589841
0.2621605931361188
0.006722787908505677
-0.007880914371461533
-1.7946514698539365E-4
-0.02486212601099582
0.21717110914034837
-0.2780668832247369
0.017929709539488276
-0.40028241629633904
-0.1795739383921767
-0.07440217801711772
-0.19482299776711642
-0.2357523907277414
-0.04240808693904561
0.23874912584686248
-0.17003473224893623
-0.10572522229595106
-0.2674112203978018
-0.04902117249810595
-0.22530030060179876
0.1326065172446608
0.012113914035679074
-0.04441786365071318
-0.07199380114607122
-0.2806786948084914
-0.1589346892454637
-0.049313012013820386
-0.03944662808754307
-0.0038927601859815777
0.031644330158723415
-0.2640864120677924
-0.1429832485682855
